180079.46875
30557.38671875
16324.107421875
38652.4140625
109469.9609375
584833.5
35317.26953125
304578.375
282552.8125
93858.6015625
22028.408203125
131936.53125
9573.3447265625
953.816162109375
8062241.5
23689.923828125
2112.689697265625
3734.92236328125
109947.890625
252752.5625
14582.83984375
23659.287109375
66492.9375
3596848.0
27700.2734375
55361.37890625
2694.285888671875
12919.998046875
59575.8203125
82508.0625
151730.765625
5695000.5
5995.75439453125
11320.5703125
261318.328125
18187.263671875
717989.75
2040911.875
9827.7548828125
21869.087890625
40188.01171875
549774.9375
38129.546875
1205177.375
1731544.375
3267.345458984375
56026.640625
67067.5234375
153699.390625
11791.6728515625
115099.6875
139335.796875
157488.703125
11567.3212890625
23597.5859375
130060.109375
22251.189453125
179878.140625
11696.708984375
233861.96875
42378.09375
569363.6875
2539.941650390625
44021.6328125
122273.125
415267.96875
9987.0498046875
643428.6875
41607.859375
787085.6875
1648.433837890625
40748.8203125
10324.693359375
196667.109375
12708.798828125
475015.15625
10457.525390625
746408.25
46406.27734375
2147623.75
87196.484375
12206.5283203125
251349.015625
7712.0087890625
54311.6015625
57883.7578125
3345211.5
60433.55859375
313440.71875
57730.87890625
327934.71875
46916.47265625
15597.7236328125
43198.1640625
64328.4921875
4001842.75
4776.64306640625
17856.6953125
3202.32666015625
15121.56640625
10554.69140625
22973.232421875
37337.40234375
2414498.25
6478.7783203125
10709.4736328125
345899.125
24190.662109375
2893261.75
1761743.25
2836.03125
4675.45849609375
7375.59130859375
128138.5
15622.52734375
1161424.125
1116632.5
3710.1220703125
71105.7109375
67675.2109375
423745.25
3141.06689453125
37968.71875
41802.5546875
220962.90625
9362.345703125
10123.5869140625
1188218.5
400446.59375
19007.310546875
162821.1875
281442.65625
12343.5263671875
48723.75
14475.890625
100859.234375
148.9965057373047
17393512.0
121524.34375
35711376.0
59885.13671875
2050315.0
3417.00146484375
50045.7109375
19591036.0
576.5396118164062
451.8692321777344
1059268.25
310991744.0
53660.0078125
17779.408203125
2321.028564453125
135319.46875
265348.46875
55756.125
116092.40625
163855.1875
23650.7578125
386633.9375
8651.447265625
34311.7265625
6733545.0
248516.671875
13497.1923828125
62327.9375
4986.64453125
26861.5703125
81054.53125
16761.3671875
5121.046875
7294.93017578125
3334.984375
22080632.0
1329891.75
3378583.75
82331.3671875
58024.2578125
135184.03125
15055.80078125
8337.748046875
6974.64208984375
2954.50146484375
14145.052734375
15683.5419921875
7820.45068359375
1421.757568359375
5673620.5
7041058.0
214582.4375
686324.9375
141157.3125
31144.44140625
23977.896484375
19766.17578125
10064.71484375
1741.1119384765625
4009.177490234375
2249293.75
352532.0625
99631.71875
26776.576171875
5898.71923828125
83056.203125
260217.859375
14131.9736328125
9276.6240234375
349802.28125
26536.615234375
26685.58984375
521101.4375
1998.157470703125
30351.259765625
20430.095703125
65983.1484375
45159.81640625
1138280.5
4494.74560546875
89773.5625
31898.638671875
8171.44140625
140938.0625
91206.265625
7799.5634765625
17675.8515625
429987.90625
191067.265625
19712.83984375
32127.12890625
85527.546875
5799504.5
30873.990234375
386633.9375
101055.8359375
1449942272.0
12236.5908203125
4757911.0
470218496.0
165763.28125
3193198.0
345796736.0
75993.3125
572428.9375
15224.62890625
47890.2265625
42547.8515625
220331.828125
30516.1484375
99489.9609375
4487543.5
5246911.0
17880.041015625
58916632.0
13916.404296875
29806.517578125
12430413824.0
67518.5546875
120749.6328125
42921.171875
549457.3125
23650.7578125
13184.2568359375
201.49952697753906
1345.5926513671875
4002812.25
179901.125
6619.33447265625
35579.609375
204959.71875
26115.794921875
99612.2421875
556126.0625
1100.0272216796875
81820.0078125
49684.7109375
12647089.0
399349.75
2445691.5
15801793.0
27017.98828125
98467.203125
779830.6875
1535.63232421875
90619.2890625
64647.0078125
6409.23779296875
430775.5625
166877.546875
5223.82373046875
1828859.625
5904450.5
47410064.0
130411.2421875
5766705.5
5519100.0
7992.22802734375
436350.40625
305629.65625
6660.5830078125
36393.62109375
734661.0625
23274960.0
19662536.0
556161.625
50413.94921875
3269640.0
254861.046875
14708.1455078125
58997.6328125
394416.0625
21685.28125
111607.1484375
589232.1875
3435.8515625
29115.86328125
140996.015625
58028.40625
162726.9375
1350007.625
6660.666015625
90574.96875
303315.40625
14145.01171875
136572.90625
421597.5625
16767.73046875
29372.3671875
464939.84375
1151799.25
46928.77734375
85085.3828125
275819.3125
5799504.5
69010.859375
30832.6484375
1394382.125
100963.6484375
3240.26904296875
9600042.0
4756618.0
26965.5234375
173832.0
4620448.5
106667.71875
20687.240234375
51349.3984375
6725298.0
30910.19921875
253039.078125
11698.6279296875
12475.9677734375
68328.46875
205160.765625
26344.638671875
31086.9609375
296480.78125
1336.9476318359375
40867.328125
23991.919921875
22601116.0
1113979.875
1334096.375
6579883.0
23046092.0
52800.46875
49172.6875
179859.953125
754209.0625
2610.759033203125
6729.8515625
104195.1484375
9878.3046875
47544.0078125
48203.32421875
5222.31396484375
218913.046875
116127.296875
7344.09326171875
5201895.5
5540299.0
23222280.0
72688520.0
441355.03125
481463.15625
11954376.0
618434.1875
7410821.0
6985677.5
11065.69140625
25338.228515625
583323.4375
29484.802734375
218518.8125
238284.234375
1253.1387939453125
19229.541015625
31678.205078125
19359.16015625
35069.0
1701617.875
2371892.75
50549344.0
1937232.25
28444772.0
29178256.0
123011.5078125
3726369.25
2362600.5
1662813.625
4643.05029296875
95037.5625
186948.109375
87916.6015625
4383.34521484375
457409.5
12080579.0
11966762.0
7754018.0
479060.875
27785.076171875
2096346.25
26816460.0
30009.890625
19231.6328125
81210.1328125
6418407.0
5694490.5
20549.984375
67091528.0
19960.5390625
30372.833984375
15105948672.0
157219.1875
87252.46875
89906.3671875
527461.375
262529.28125
15394.7041015625
58654.34765625
389731.75
23858.84375
113924.0625
560255.9375
3891.083251953125
26566.748046875
139841.140625
58095.6328125
171347.296875
1342302.375
7315.32421875
88612.3984375
299149.125
15107.236328125
133507.3125
372207.5
16911.228515625
30888.068359375
435957.34375
1101666.5
45646.0390625
84285.828125
256593.59375
6433894.0
465825.28125
19141.126953125
2382339.0
17613.06640625
12042.4072265625
391007328.0
82399.546875
41083.23046875
59582.23828125
769444.0625
8956.5849609375
20712.787109375
91.24713897705078
280.7668151855469
477.0037841796875
1075.167236328125
24.563865661621094
82.6148681640625
1598346.875
15921.666015625
2640018.5
11479.44140625
85635280.0
4841.85205078125
40782.41015625
338419008.0
11926.732421875
7754.109375
34306.06640625
3843289.25
30748.10546875
174488.71875
7557.2509765625
27184.232421875
47603.71875
239173.5
26069.533203125
101118.0234375
563900.4375
7196.7177734375
125120.1328125
65017.61328125
11150442.0
624376.875
1269427.25
3742448.75
15903689.0
37222.10546875
86325.7890625
137183.046875
755496.25
6442.76513671875
4012.30712890625
148200.65625
15421.6259765625
67663.4609375
138012.109375
24250.744140625
526023.6875
248333.796875
76891.3125
2900818.0
3735143.25
12579438.0
37666032.0
541537.5
219741.328125
10439268.0
531316.5
4434209.5
20577960.0
20633.544921875
19510.5
622612.0625
50447.61328125
323262.46875
476342.03125
2209.866943359375
59233.0703125
44491.51953125
38279.94921875
197245.625
1613085.75
1401955.75
37819724.0
2236131.5
13681546.0
34452660.0
210927.109375
6001579.5
4187452.5
2901667.5
10851.3515625
218492.34375
266139.9375
174893.71875
19994.263671875
780606.0625
11922449.0
21526968.0
9684715.0
2174960.75
93638.5703125
5728424.0
1158299.375
30712.91015625
376694.4375
7682.5458984375
595764.0625
12118.2080078125
753788.4375
156360352.0
159528.828125
261442.453125
90043680.0
4867198.5
8334.5126953125
284.68450927734375
14481.125
5592764.5
30394.04296875
8325458.5
10103.552734375
213425.4375
178.35015869140625
21674628.0
1951.7696533203125
59964176.0
215.48422241210938
205479.921875
196.1675262451172
122777.9140625
10056649728.0
7611.00537109375
187.16458129882812
4593.54443359375
294944128.0
1368.546875
154.54129028320312
7179.76904296875
486.6175231933594
177649.4375
9271.3955078125
7379.91162109375
96385.5390625
25570.576171875
30216.037109375
299046.125
2047.376220703125
16485.11328125
30777.564453125
40564.2578125
34718.9765625
318122.09375
2674.4384765625
24836.96484375
31049.4765625
7423.90869140625
65762.578125
125668.1953125
7261.4208984375
11029.2978515625
124925.7890625
141811.734375
9884.478515625
29871.119140625
50341.15625
258071.46875
16559.712890625
55824.91796875
348932.34375
30066.7578125
89682.2578125
503083.90625
4353.75048828125
31363.251953125
38964.12109375
125903.5546875
64849.3046875
143122.3125
1098024.625
7789.59423828125
92236.5234375
36164.77734375
185098.140625
13823.7392578125
142890.328125
69659.328125
253917.5625
2965.511474609375
14095.400390625
73906.8359375
28410.4375
447959.65625
98176.984375
544108.8125
4808.40966796875
31535.025390625
104311.171875
10779.0849609375
56624.5078125
160080.21875
8464.56640625
19665.55859375
153529.0
344993.8125
17936.470703125
37121.390625
89587.375
65014192.0
19894.09765625
2977404.25
37992.62890625
1602816640.0
6583.75830078125
135488.375
5322568192.0
23980.732421875
68463.421875
343859.59375
30748.10546875
15700.8271484375
68383.421875
210946.390625
4227.61328125
17397.30078125
96340.6953125
9634.083984375
53262.98046875
195598.3125
9901.896484375
25812.73046875
2210231.5
488149.53125
21746.833984375
1636673.5
7349.94384765625
15163.2744140625
187692560.0
22096.98046875
56254.8828125
25903.65625
264615.34375
3846050.5
1320904.75
16539.587890625
9412349.0
16146.2880859375
1494.5906982421875
2346160384.0
69224.1015625
5409.9912109375
10216.111328125
87604.1640625
3877701.5
228771.78125
29814.765625
399441.125
47517.8046875
16256.02734375
32472068.0
3977245.0
145923.046875
702524.9375
42038172.0
40093.4140625
14587.458984375
199589.375
117420.546875
10392.3095703125
141661.296875
25461.166015625
19969.107421875
174580.421875
37288.97265625
111007.3984375
112762.3984375
287525.09375
82147.9921875
101452.53125
384372.1875
85468.84375
213708.5625
304114.28125
62819868.0
21424.10546875
52600.83203125
284519.4375
51700.29296875
20192.353515625
5015.1220703125
26576.5546875
29005.41796875
338164.1875
15793.6875
103251.3671875
100188.8359375
303224.0625
18932.17578125
78608.6796875
49256.984375
229523.328125
22238.78125
80976.65625
36877.453125
9600.3466796875
7802.97119140625
19455.853515625
1945061.125
5226.29052734375
4936.765625
1368.334716796875
7937.66796875
7402.62646484375
5717.1171875
5292.28271484375
1277932.375
2605.29638671875
5753.31494140625
101200.5078125
4494.59130859375
85965.2109375
70710.859375
1244.7967529296875
2318.84814453125
3210.542724609375
55702.4453125
2545.04296875
45017.48828125
28362.4921875
1415.8768310546875
14580.642578125
13498.33984375
9930.9892578125
1027.172607421875
9536.974609375
7894.63037109375
5124.14453125
2150.0908203125
1555.4866943359375
173187.8125
23586.423828125
367532.40625
16715.357421875
58751336.0
8660.7109375
80477.0
10230932.0
33224.11328125
83744.28125
916450.875
1270302.875
189962.765625
22416.712890625
373097.75
446803.875
2542.147705078125
798770.25
8238.98828125
43229480.0
9010.5830078125
36379060.0
20467.44140625
167392528.0
34661.1796875
24720792.0
45900.66796875
17741.3984375
18857340.0
22952.888671875
89361.5859375
550357.75
998818816.0
1099771.625
1073834.5
497224.28125
13512277.0
136320.71875
28760.154296875
13301.630859375
31203.60546875
347834.28125
5346.5283203125
67615.078125
28546.482421875
53134.47265625
280841.53125
83086.3046875
292200.09375
891857.8125
9794.3857421875
201529.59375
34143.12890625
78310.0546875
4025.4951171875
21364.646484375
37784.453125
147876.640625
364212.75
1388763.125
39828.1328125
331484.6875
633189.875
6704.306640625
45394.59375
60804.7109375
12378.6357421875
71838.375
709454.375
951543.3125
125208.46875
29156.154296875
263463.5625
246303.953125
11694.712890625
60578.97265625
14965.9228515625
25115.826171875
89981.1640625
3567.433837890625
49858.015625
149997.8125
29538.8984375
7454.34912109375
2002.1317138671875
11819.2802734375
11888.3701171875
25566.283203125
4627.87060546875
31557.888671875
1119.47802734375
3211.323974609375
26847.943359375
108176.734375
4035.398681640625
13836.1650390625
252927.40625
14391.546875
9324.720703125
347548.125
26570.47265625
27193.568359375
500183.40625
2013.9271240234375
30653.9140625
20933.62109375
66476.0703125
44554.7890625
1097904.25
4542.63232421875
90302.25
32367.6875
8201.4951171875
139730.21875
89818.953125
7807.69091796875
17645.701171875
427556.90625
187377.90625
19822.26171875
31733.630859375
84536.3515625
65390512.0
17267.634765625
218694.359375
32561.912109375
7935939.0
83.23800659179688
91331.34375
768086976.0
866.6058959960938
1571.16064453125
13604.837890625
66752.484375
25428.041015625
13034.6953125
10262.2158203125
202439.1875
939.9374389648438
42170.13671875
6002.9130859375
20264.833984375
75819.0703125
10850.2138671875
43553.0078125
363186.0625
2646.305419921875
111602.7890625
6307.34716796875
31011.30078125
459.5144348144531
7512.1337890625
8902.826171875
34965.46875
43580.3046875
521200.375
4244.73828125
130083.6796875
129650.8203125
962.1064453125
15565.134765625
15637.5244140625
2516.194091796875
12019.33203125
281408.03125
229452.421875
32162.994140625
7097.46435546875
89678.578125
1242822.125
44431.30859375
17394.560546875
367532.40625
44010.80078125
3117.947509765625
520430.0
1843.652587890625
6291785.0
5837.19140625
2915864.75
16057.328125
142533184.0
4655.80078125
2103066.25
15772.568359375
2028.975341796875
1828156.875
4512.25537109375
1253.1513671875
11026.763671875
80235272.0
44012.10546875
5025.6865234375
2283.444580078125
13752.13671875
51538480.0
17708.603515625
3719386.0
51253.7890625
1147617920.0
4776.341796875
264427.90625
5277271040.0
25169.275390625
116111.5625
1211486.5
3671439.5
435206.71875
64273.42578125
3113673.0
355819.53125
23537.19140625
50468324.0
27277.078125
9312385.0
12688.537109375
21750332.0
5675725.5
82877952.0
372499.34375
10446558.0
1813399.25
161969.359375
1720086144.0
335952.6875
83082.109375
7523096.5
429370368.0
75744296.0
1588207.375
1640707.0
9501654.0
3892496.25
5575627.0
11260.07421875
30694.576171875
34075576.0
13047.8056640625
43520.08203125
164262.609375
101349.34375
659.0740356445312
8526456832.0
477496.34375
3237182.75
2433349.5
4545233.5
5193.953125
4584107.5
34006428.0
9005.1015625
15114.0673828125
340744224.0
12080805888.0
305484.5625
607843.625
2699963.5
240048256.0
17701.390625
3185433.0
2997.49267578125
9308.814453125
4384719.0
4924384.0
15131.1298828125
22571.326171875
65390512.0
17683.16796875
221089.375
28456.349609375
7969986.0
134.29071044921875
9251393536.0
90904.5
42687068.0
86385.015625
56509988.0
943.4840698242188
80328.8515625
773379136.0
1549.767333984375
1915.67138671875
1103722.25
54556131328.0
33285.484375
36484.1484375
13072.1943359375
270183.09375
225289.46875
30696.451171875
241711.890625
37322.19921875
153159520.0
10342.9375
109268.234375
15286322.0
33942.7734375
333217.15625
1102747.0
69392.78125
67455.671875
3134115.75
1383.447021484375
194425.359375
11884.548828125
58419.0390625
1075586.0
1800074.875
1102.7301025390625
43035.94140625
213363.59375
66728.9375
1658.3421630859375
115749.0234375
501388.875
4935649.0
21425.166015625
4575747.0
587.7031860351562
44370.546875
1056227456.0
11019.865234375
111135.875
8335.83203125
206340.046875
250423.0625
14342.2041015625
351648.28125
26998.6953125
478580.9375
31088.353515625
55903.5625
1101404.875
93106.6015625
118445.953125
336582.84375
262874.78125
14217.73828125
19936.587890625
209981.953125
26904.849609375
54980.65234375
293797.0
1701.9444580078125
17495.8203125
52108.625
63311.16796875
83122.5234375
695881.5625
4365.173828125
51751.89453125
78363.171875
7798.677734375
80654.4140625
194209.078125
5312.955078125
14166.5322265625
255927.625
375790.96875
13980.75390625
25003.09375
59649.328125
28806.791015625
197440.421875
20301.880859375
81914.703125
15118.509765625
86302.1640625
34353.640625
41601.23046875
426462.3125
1612.1226806640625
376101.09375
1272.99853515625
81847896.0
1025.4061279296875
2733.3984375
10748604.0
2123.038818359375
3275.927978515625
13049.2490234375
5937227.5
5611329.5
37276.16796875
14783.1748046875
66073548.0
68954.7421875
12163.9462890625
1229721.125
44959.43359375
1156.000244140625
14047512576.0
1467563.5
26685.107421875
6970319.0
162951.65625
4343.65380859375
52196744.0
236560.46875
3687.708984375
29626.357421875
347887904.0
1606498.25
25998.076171875
182525.171875
206016.796875
1826226.25
3075080.0
14242.9140625
2002143.5
21406.03125
60588448.0
3019.517822265625
147523.515625
36175632.0
2664.122314453125
57641.42578125
192184.78125
6353850.5
30905.189453125
260484.78125
11515.7607421875
59014.17578125
64218.46875
351667.71875
26595.876953125
124693.6875
543523.3125
2361.520263671875
79287.7421875
75436.0859375
21764776.0
981464.8125
5531034.0
6220986.5
30119748.0
50467.1015625
186988.21875
179427.03125
1322668.125
4866.5732421875
6610.53857421875
223727.734375
42677.4921875
130172.40625
156571.90625
9495.177734375
418943.46875
191464.359375
19407.521484375
5173645.5
13235669.0
20180100.0
74366888.0
512236.875
410128.65625
19649452.0
2655175.75
11921517.0
21841876.0
22391.86328125
26046.71875
1169274.875
107702.4921875
489267.1875
656352.625
3132.478759765625
43707.046875
76582.921875
79657.90625
67997.7734375
2016505.625
2301595.5
69896808.0
5642975.5
32772660.0
51182580.0
150499.03125
4014981.5
5641517.5
5242634.5
12298.484375
201252.453125
418077.78125
232737.953125
17885.345703125
656244.375
13284635.0
23510724.0
12063587.0
693713.4375
76703.59375
3041156.25
996244.0625
30146.29296875
375443.875
364.1326904296875
28360.41015625
138381824.0
11955.671875
1997.15869140625
695338.9375
38699244.0
161405.78125
303.61260986328125
254804.90625
565246.4375
1101.54541015625
333282.03125
77871784.0
24546.890625
62301.0234375
2271388.75
980356.375
28715.203125
378133.09375
7415960.5
20496.607421875
76665952.0
4408.60546875
27756.921875
167792096.0
12076.9462890625
953876224.0
1494936.5
299395168.0
79331.6875
628538.625
132796768.0
201672.828125
210123.390625
4106362.0
72004894720.0
1444732.5
2125.95166015625
27387908.0
638274.75
17194216.0
712776128.0
72004894720.0
319363488.0
26473.21875
5376084.0
123340200.0
46189.703125
14607491072.0
908027520.0
18766.23046875
5559326.5
2307910656.0
72004894720.0
1066319.5
4717959.0
1139395328.0
384.8341369628906
92758560.0
224163.640625
29775.548828125
3142820.0
6769.1474609375
76635.234375
6406085.0
249112.765625
13147.1259765625
7217.1611328125
155226.078125
28462.427734375
16043.642578125
300611.65625
522.11279296875
42778.46875
5275.1328125
20372152.0
1247230.75
359852.15625
16411312.0
60875.734375
33138.26171875
737485.8125
1049.3614501953125
108173.3203125
12252.7177734375
2271.973388671875
185579.078125
33218.6015625
1931.5167236328125
5515511.0
1098511.625
46817604.0
121045.3671875
14076726.0
844511.625
4184.06396484375
569419.5625
86607.2421875
2928.091552734375
8929.8701171875
460816.84375
47581636.0
4159310.0
369245.09375
18195.10546875
1487436.375
5110587.0
899016.4375
30448.328125
26686096.0
77388.03125
27192.087890625
2057747200.0
3669535.0
555184.4375
10788780.0
2087148288.0
55601.07421875
2888161.5
12079.5517578125
1358767.5
144985.3125
22523.435546875
48173.2265625
32421.5390625
211893.828125
17303.919921875
49639.91015625
8980.810546875
37129.53125
183063.484375
156706.5
22147.828125
609271.375
27461.72265625
124731.734375
12591.203125
71611.6953125
5968.85546875
30497.294921875
9770.3701171875
258877.015625
31946.615234375
1274608.375
18940.41015625
494001.21875
34073.19140625
8707.326171875
65532.56640625
15039.9140625
7078.08984375
27992.322265625
1382847.5
52286.93359375
28796.10546875
12256.5751953125
53451.92578125
147871.5625
30905.189453125
260484.78125
30812.66015625
351667.71875
64428.9375
543523.3125
12815.3505859375
48149.70703125
257884.484375
504187.15625
99927.3671875
579195.3125
102822.0390625
1322668.125
18857.931640625
99630.09375
38822.57421875
182580.875
28546.7265625
1064239.875
186960.421875
1373652.0
309419.375
2027835.5
344886.21875
60609.546875
462707.375
56929.6328125
104780.1796875
580921.25
5559639.5
828114.8125
1090625.25
232269.421875
2889313.25
61582.34765625
15572.306640625
46435.1875
393969.46875
4882.9501953125
20238.55078125
112747.3515625
6794.03759765625
31327.6484375
22179.875
96557.59375
14146.7939453125
31628.39453125
332320.3125
12465.3583984375
92189.8125
26748.44921875
164816.984375
3450.810302734375
25719.916015625
10378.8291015625
55424.77734375
5049.78515625
22065.078125
53517.82421875
8895.5615234375
113367.8515625
15988.224609375
138975.21875
8281.5
59411.05078125
80063.8515625
2323.981201171875
14234.8330078125
27813.548828125
13374.5986328125
5651.2373046875
62285.75
65745.5859375
31218.486328125
7874.3935546875
28381.65234375
30049.416015625
10191.0908203125
15590.5419921875
11211.2294921875
1948161.25
6216.11767578125
18850.431640625
1841.349365234375
5880.75927734375
8538.58203125
13074.8505859375
8311.28515625
952822.8125
2704.473876953125
2434.234130859375
76973.484375
1361.2684326171875
221129.859375
7320.0283203125
2352.6318359375
2742.392822265625
2760.350830078125
45736.67578125
2306.822265625
219945.328125
14095.8564453125
194.21475219726562
15950.849609375
2080.8359375
2708.80908203125
495.2254333496094
10134.5810546875
3156.076171875
4551.3076171875
286.57269287109375
691.2948608398438
1849368.0
81387.3828125
515684.625
16778.17578125
90826.7734375
45591.87109375
283984.03125
46174.9453125
135760.90625
173545.40625
10600.6953125
39969.1875
219489.15625
30989.3359375
109375.296875
530338.375
5718.5185546875
26524.115234375
133793.59375
47087.890625
95523.0625
745501.125
6013.3369140625
42429.125
148458.828125
17485.39453125
125105.1015625
357315.75
17724.501953125
23500.447265625
247992.734375
553480.0625
23936.609375
78036.3671875
123722.1171875
3167841.0
28984.400390625
173545.40625
6842.017578125
10239.982421875
42055.19140625
208209.03125
22427.27734375
34570.4609375
519300.15625
2800.6650390625
83316.4140625
53320.16015625
11664408.0
418240.09375
941276.625
2032416.25
17221132.0
28641.109375
24788.216796875
116693.265625
737218.625
1876.379150390625
4089.96435546875
119533.0625
5648.521484375
47689.59765625
122919.5703125
7206.55419921875
548316.125
164485.359375
23821.466796875
2337934.25
2129058.25
7854777.5
40965476.0
186743.90625
164883.5
9109547.0
326924.59375
3538379.75
17523080.0
5222.48828125
16346.056640625
500493.125
14969.818359375
205638.109375
423050.71875
1016.6715087890625
15087.13671875
39546.640625
26173.21875
54964.08984375
730752.1875
1137327.75
30438952.0
686726.25
11784877.0
31387820.0
58742.234375
1590995.25
3620939.5
1963590.625
2812.47021484375
44756.73828125
190942.125
100889.53125
4352.38037109375
271860.5625
4517666.0
14208090.0
5449824.5
432067.4375
16167.923828125
1631048.5
423780.78125
61909.515625
19255.876953125
370087.34375
75520.59375
6997.404296875
121677456.0
642.6011352539062
1525.556884765625
29100556.0
4849.54833984375
1262342.0
22837.57421875
21624832.0
17443.837890625
5391.74462890625
3805214.0
21562.798828125
15071.2880859375
1154.45654296875
15408793600.0
15624.40625
68.92939758300781
4250277.5
556.2023315429688
790211.5
11288.2138671875
2048997632.0
272723.71875
471.951904296875
1393945.875
4109.59619140625
128.6510009765625
2919398400.0
5156.5498046875
85.18201446533203
1661.9349365234375
369079456.0
155272.421875
732.1351318359375
839.0242919921875
15650.2060546875
4294.765625
29130.751953125
2946.466552734375
55367.30078125
25026.47265625
13701.798828125
9198.5537109375
917.0482177734375
5561.33740234375
64295.68359375
9162.888671875
39559.46875
2544.61669921875
6625.65771484375
458.6680603027344
34397.47265625
47712.34375
3855.97314453125
1235.820556640625
13365.5576171875
11214.7705078125
43061.93359375
4196.95947265625
31885.28125
5908.94580078125
26141.91015625
2234.525390625
2481.154296875
3681115.5
29624.71875
45745.8359375
3236117.75
791424.1875
29763.28515625
13068.4921875
55540.2890625
4072.076171875
32563.462890625
925397.6875
70496.59375
641927.0
7037.4033203125
35997.51171875
2252.8681640625
126837.4453125
910296.8125
28036.4609375
3804.626953125
52179.33984375
452824.875
29763.28515625
34904.83203125
73052.0546875
481057.40625
1048866.125
48088.39453125
885503.25
9407.791015625
63289872.0
11790.0078125
159233.34375
841750.375
21678.26953125
14864.1279296875
384.402587890625
19717.693359375
201309.84375
198.0601043701172
1731.83544921875
99206.1875
1124016.375
1910.4354248046875
255.63214111328125
7098.06103515625
1491.57763671875
678.1802368164062
15440.3173828125
33027.359375
510.6405029296875
1511.55126953125
173545.40625
9810.111328125
39969.1875
193258.515625
27876.513671875
109375.296875
515684.625
4328.95361328125
27898.1875
111093.59375
44111.05859375
95523.0625
739743.375
4937.66064453125
44633.6796875
137594.1875
16298.0654296875
129940.71875
292195.875
16230.015625
21431.666015625
262449.9375
465600.96875
23340.033203125
72547.5234375
124099.6875
1084392.25
29729.013671875
363541.25
7388.08203125
556249.6875
11783.1953125
610523.0625
160126352.0
149841.40625
230464.515625
78802336.0
5884348.5
5349611.5
74922.875
20045.126953125
48473480.0
148156.421875
21920.64453125
2130831.75
30744.384765625
3407.466796875
15307469824.0
6095631.0
179623.40625
34419492.0
87364.796875
14556.6884765625
231188784.0
155611.4375
12858.0419921875
11294.9990234375
4164699392.0
1028740.0625
207683.484375
67465.453125
118491.03125
3385380.0
3681115.5
29624.71875
45745.8359375
3236117.75
63496272.0
20488.73046875
43589.4921875
161188.71875
6131079.0
48663.84375
13226.662109375
57314.17578125
38439.75
4849.2470703125
18709.40234375
13636.8603515625
4196.95947265625
45987.515625
12774.859375
4056018.0
1049260.25
5137512.5
2818347.75
10433.6455078125
28203.64453125
37388.75
7420.39794921875
128461.640625
26437.970703125
3411.484130859375
35113.17578125
7696.884765625
27271.76953125
966496.5625
3019351.75
2595932.75
861878.0
11408686.0
2053426.25
6328.38427734375
114761.5390625
20732.90625
61191.21484375
22461.0546875
670238.25
10407658.0
1580822.625
7871522.5
62367.8984375
8192914.5
3706669.75
17344.880859375
7576.3330078125
100810.1953125
1076881.375
3741128.5
23412.197265625
14805.794921875
101997.4609375
289335.0625
16172.0419921875
176466.078125
28950.75
190236.15625
76888.375
515684.625
14327.1943359375
67764.65625
295830.875
785035.3125
57513.54296875
789350.5
70022.1953125
750148.25
13801.34375
75288.03125
35127.9765625
199336.578125
24374.40234375
641619.8125
63100.98046875
1205701.625
157301.234375
2706762.0
127950.1953125
35421.4296875
225290.078125
25544.98046875
72671.546875
164911.328125
3642639.0
131829.125
392187.34375
80129.6953125
438766.09375
6131079.0
253363.15625
13226.662109375
57314.17578125
363007.40625
27554.7265625
109375.296875
527502.625
4196.95947265625
108532.9296875
132303.453125
20755540.0
1049260.25
5137512.5
28893320.0
60505.8203125
167644.015625
1270266.5
7420.39794921875
312702.6875
281315.4375
17322.646484375
442212.40625
357845.0
67998.359375
5449850.5
14553434.0
61617508.0
861878.0
26389888.0
26437596.0
33401.45703125
1522787.0
1045334.0625
165162.0625
202786.59375
3790957.5
98386032.0
58284012.0
19123636.0
572457.3125
45238304.0
344017.65625
18493.484375
372908.15625
11856.95703125
83621704.0
5368.72802734375
40581.3203125
7253191.0
16731.818359375
27898.21875
98607.2109375
2841145.75
4539.513671875
68022.2265625
27610.65234375
331432.84375
23613.501953125
44907.3671875
29842.017578125
66708.0
32569.767578125
53557.75
836764.0
29763.28515625
363541.25
384.402587890625
33644.11328125
126508600.0
11790.0078125
1740.572998046875
682534.5625
23360040.0
150070.9375
304.4914855957031
212127.5625
489888.125
852.5685424804688
303403.6875
79533776.0
23275.34375
58754.84375
253368.46875
57370.7265625
332947.84375
109689.09375
518749.6875
111249.8828125
167931.234375
1278698.0
227541.984375
294355.9375
884061.1875
37351748.0
31106.0
13421.41796875
148439.703125
558378.3125
1493333.5
23456.962890625
2243886.0
11563.76953125
21092.283203125
159198752.0
45993.61328125
85442.359375
40379.52734375
1002217.0625
3806793.0
98441.75
15217.0361328125
39923.88671875
169687.140625
21477.80859375
7006.56640625
20378.46875
231124.390625
671.9217529296875
73906.9765625
13500.025390625
35290.9375
213437.65625
18328.744140625
60470.9765625
558862.625
606.43896484375
82973.078125
11808.7451171875
53799.796875
287.8834228515625
1883.879638671875
27221.306640625
16180.9755859375
57314.234375
896891.9375
2037.364501953125
94097.90625
168137.15625
285.4075622558594
2019.0797119140625
31575.7421875
523.9318237304688
2145.6357421875
75333.3515625
193366.34375
5046.75634765625
867.9016723632812
9410.537109375
63246.90234375
3573148.0
12422.4072265625
1912513.0
571557.25
53238.25
3285374.25
18554.6640625
130279672.0
11031.107421875
331576.375
349324768.0
1293345.375
123626.5859375
10530319.0
617147.375
20228.03125
5324.54248046875
9122.25390625
70273.0703125
22413.423828125
734.983154296875
2521.259765625
9521247.0
4377.83837890625
138711.859375
342928.1875
28895.5859375
355238.6875
18574.05078125
62880408.0
11329.189453125
233489.375
30996236.0
146925.8125
421259.15625
6044394.5
5473184.5
20092.154296875
357159.71875
30037.1796875
1433730560.0
6245.76220703125
84637.7578125
473099968.0
26347.37890625
36646.48046875
519523.5625
4902389.0
794427.75
28895.5859375
12756447.0
75579.3828125
10116.34765625
1721953920.0
3459252.5
403175.3125
6610627.5
1452424960.0
2370703.0
40840.25
33728.22265625
1393580.375
167994.015625
104422.9453125
28895.5859375
244907.0
14090.6005859375
344447.75
36936.09765625
599963.3125
5290.78955078125
28322.705078125
128834.984375
361683.90625
42794.26171875
461483.15625
54893.47265625
1243671.125
6699.916015625
60555.2421875
14864.7236328125
149189.1875
9567.658203125
517722.71875
64689.875
1007478.0625
129160.2578125
1866840.125
159305.640625
25800.30078125
475598.9375
22462.341796875
52130.83984375
219821.625
5695462.5
387662.5625
696610.625
158097.421875
2123184.25
1104832.25
28285.181640625
323925.0625
7182.029296875
416466.53125
4740.19970703125
656421.4375
166873232.0
59563.4921875
82570.09375
43950884.0
35993724.0
15734.0615234375
1880271.125
50819.1953125
1409872128.0
8228.6689453125
553191.4375
4367149568.0
136697.75
194557.59375
14035653.0
6528012.5
22542.1328125
25131.712890625
406758.90625
181009.078125
19824.171875
244907.0
31220.068359375
330907.625
76387.140625
517287.875
15133.2236328125
58591.8984375
236055.203125
490516.90625
54934.58203125
656482.8125
130198.484375
1252780.0
16392.892578125
114199.8203125
46489.7734375
225325.765625
31389.044921875
924638.1875
62547.4296875
1358355.5
153551.28125
1951108.375
145575.546875
62277.3828125
551232.875
44581.18359375
98697.4453125
265371.71875
4985406.0
215630.71875
439643.5625
197704.953125
974168.875
9394253.0
58677.23046875
23299.15234375
1689393.75
4097146.0
4373.16357421875
6892.61083984375
39677.35546875
188087.078125
299.82830810546875
1858.327880859375
2665.722900390625
3066.81494140625
98157.3359375
81642.0546875
11926.140625
446003.90625
3702539.5
16251516.0
740.0303955078125
4716.255859375
6888.33837890625
3013.3193359375
109902.703125
103570.703125
220.04429626464844
470.6050109863281
3805.062255859375
25113.93359375
2497.564208984375
13942.150390625
19223.3984375
327120.125
7740763.0
10908025.0
547.7406005859375
1466.2752685546875
9507.384765625
23443.255859375
472.47991943359375
1940.0084228515625
4781.66650390625
28945.23046875
2538256.25
1093.9486083984375
3692.566650390625
7321.80224609375
26940.9765625
245033.640625
1354.6666259765625
37551.66796875
3287.702880859375
76088.890625
520.2550048828125
361.1792907714844
22199.111328125
43951.69921875
4512.4013671875
18590.4609375
12890.642578125
204170.578125
1555.189697265625
1164.6539306640625
4412.75830078125
4239.76953125
779.3919067382812
133093.265625
13678.322265625
31859.4453125
28923.56640625
134850.796875
9514.75
11675.2548828125
15894.38671875
2042.2730712890625
5733.779296875
80727.828125
338331.65625
20404.021484375
59906.73046875
17142.59765625
149479.71875
851257.75
20422.41796875
12704.2783203125
54779.98828125
332899.21875
3913.630615234375
98157.3359375
18793.150390625
108391.0078125
1047397.625
73097.3515625
91958.5234375
2767713.25
6997.2841796875
259062.515625
18021.107421875
223939.28125
1290.1641845703125
60322.13671875
30965.701171875
126199.1640625
90367.5546875
6701832.5
6068.25341796875
1193727.125
151158.984375
2074.480712890625
152402.390625
43471.1328125
9192.0283203125
12521.265625
3099606.0
236575.8125
48695.0390625
24718.623046875
146128.71875
233344.0
27417.498046875
13920.001953125
41020.7109375
2205.682373046875
30019.078125
342102.4375
23977.4140625
246358.46875
3440.69287109375
33140.21875
2225.30029296875
43908.7578125
277083.21875
22776.34375
3367.021728515625
35073.74609375
61271.0390625
27417.498046875
1447.9342041015625
994.6412963867188
18124.875
1335.157958984375
87718.28125
4428.8798828125
28286.80078125
5739.541015625
9849.685546875
21154.431640625
261354.453125
259.6424255371094
15690.6044921875
425.37420654296875
2918.26806640625
315.3578796386719
8333.3359375
14413.1806640625
1851.994140625
2510.89111328125
21980.767578125
1992.0638427734375
90932.25
89954.1328125
111.7393569946289
1018.043701171875
1515.8590087890625
3076.53466796875
621.3191528320312
8895.7392578125
10693.8369140625
21279.888671875
469.7445068359375
3248.05859375
5672517.0
889062.25
20861.79296875
25222988.0
50201.5
344.09185791015625
18571.021484375
1999167232.0
370591.65625
1384.288330078125
93622.765625
4350.400390625
927896.8125
410.2527160644531
64042.203125
70169976.0
1101.9429931640625
3555.94970703125
31221.615234375
4525441.5
140354.859375
19832.984375
3094552.25
38275.20703125
11370.8232421875
53480440.0
127203.40625
33850.67578125
76917.3515625
847609.9375
715290.875
3464578.0
5203334.0
38155.1171875
15095.0234375
32592008.0
134884.359375
16609.822265625
966164.8125
40179.8125
974.3201293945312
9463921664.0
5275752.0
58984.80859375
26092984.0
146106.984375
2709.40625
84382432.0
407916.15625
6486.3955078125
7755.10693359375
2835228928.0
4571673.0
24720.623046875
46632.453125
244123.046875
3200032.75
5836818.5
8813813.0
23144.568359375
334546.25
267634.75
21498.546875
2834807.0
1062.4595947265625
659601.125
4948.736328125
72446584.0
103420.4765625
719263168.0
7501.96630859375
1674200704.0
17617.029296875
2024.7515869140625
120339024.0
23552.818359375
5165.3662109375
34207.07421875
23841949696.0
633569.1875
174107.078125
6913.44287109375
53110.35546875
61576508.0
16065.8759765625
34941.19921875
85116.140625
3535195.75
701034.5
195753.40625
15233.3583984375
649622.1875
6287376.0
20828.712890625
1065291.875
11026.8271484375
14271.3876953125
347984128.0
26936416.0
97631.2421875
14834674.0
31181.916015625
16599.1484375
853442496.0
92949.296875
116082.2265625
32987.9453125
3302752768.0
611760.4375
323830.84375
140095.953125
3183930.0
20787196.0
91774.5390625
11004.2275390625
20385.658203125
26185.951171875
115644624.0
9837.0302734375
205008.96875
5418367.5
12569.4501953125
1674610.625
15107.208984375
111295400.0
6047.11181640625
86418.375
235312816.0
13102.67578125
11928.2685546875
31438.69140625
503074.8125
59555.03125
15726.8603515625
252779.546875
3485492.75
20290.884765625
19772.6796875
16905.6328125
123838.0390625
350.74365234375
104298.828125
29354536.0
2458.99658203125
5390.68017578125
111386.5078125
28066.50390625
116286936.0
11207.0615234375
463726.0625
3485492.75
23190.8125
12692.0830078125
14482.9345703125
91166.953125
151.86553955078125
96785.578125
27275048.0
1788.2852783203125
1403.209228515625
185047.140625
