77983.1796875
6476062.0
1938723.625
1379109.75
4327003.5
360554.3125
13317463.0
8065.2451171875
399521.15625
3950236.5
9807.13671875
118106.984375
628766.4375
121692.0546875
232598.140625
450493.75
236486.9375
124246.3984375
3947.480224609375
170684.3125
1879598.75
43934.7265625
12756.900390625
101418.9609375
139920656.0
57307.34375
158782.046875
623291.125
78231.3828125
8568399.0
18534.201171875
172877.890625
33394.48046875
9093749.0
7005.7119140625
71179.6015625
7126930.5
77805.78125
101390.625
6568917.0
6495979.0
47616.0625
25640.171875
137165.640625
1037.5650634765625
119409152.0
636686.125
72915.2109375
221445.984375
8588.732421875
48167.0703125
11571.3935546875
62157.28125
12176.26171875
209862.046875
50735.2734375
174826.84375
123761.65625
24718.337890625
32901.1953125
59417.39453125
83256456.0
24983.904296875
461282.46875
61920.0234375
825866.25
22279.220703125
159171.546875
61920.0234375
10651.15625
283.2698059082031
2355.399658203125
37271.4453125
154370.734375
604029.75
11182.162109375
39799.30859375
192528.75
32224.95703125
140699.15625
432540.34375
36695.86328125
130405.015625
22985.484375
107539.8046875
10509.4482421875
72259.375
28417.12890625
71095.1328125
9147.126953125
19793.5859375
4294128.5
25471.244140625
6526499.0
47614.42578125
61845580.0
7268.697265625
260664.953125
99190216.0
55708.44921875
168679.359375
2180366.75
1110950.75
77983.1796875
72225.4140625
137575.5625
997777.6875
3370995.0
152124.4375
2719284.75
83213.7421875
63142.9375
10341.6552734375
36526.06640625
96825.1953125
886086.9375
47932.08203125
608431.75
394510.90625
77983.1796875
825866.25
34282.6171875
45680596.0
25280.203125
584678.4375
23430900.0
421404.625
454976.25
11917994.0
510693.125
110583.1484375
501142.65625
68763.3046875
102886672.0
24643.0625
331756.6875
12214102.0
118044.9453125
331238.84375
1654247.25
140373488.0
43981.6796875
7949566.0
135487.984375
5751359488.0
12991.20703125
893143.125
22328893440.0
111663.359375
433494.6875
6323088.5
139920656.0
49525.7578125
403536.9375
124796.46875
9264746.0
238.45394897460938
581800.0
1324401792.0
2417.692138671875
6416.62109375
108291.3125
2452967.75
77993.3671875
825866.25
11790.0517578125
1217243.5
25277.81640625
1048145.1875
265705136.0
420964.8125
423870.5625
83018600.0
6499468.0
59839.97265625
25637.2890625
42464.75
218573.84375
694.4485473632812
275362.28125
34260792.0
4565.04638671875
14470.341796875
397154.53125
6499468.0
47471.05859375
13938.322265625
25518.29296875
218967.953125
258.1430358886719
134002.875
37621588.0
2527.174560546875
2911.726318359375
376339.71875
590840.375
36671.828125
698637.1875
72756.7734375
930463.0625
71225.09375
186141.328125
2701810.25
230729.75
363720.5625
1300481.75
6906425.5
482567.3125
78030.7890625
1573740.875
98935.5
59345.30078125
39835800.0
6409769.5
519774.78125
2717763.0
45447944.0
7165845.5
1750271.875
47738.1484375
14108390.0
44668.640625
14990.1796875
687806528.0
112084.796875
52432.44921875
128766.5625
429834.15625
953179.0625
80326.7890625
7852.748046875
25803.42578125
142966.515625
114160.953125
4586.60009765625
20682.169921875
13916.5908203125
73025.9296875
214.79864501953125
989.4274291992188
1823.1217041015625
4499.9794921875
133.89744567871094
718.4763793945312
144489.5
1031261.5
41677.7578125
120014.8671875
142324.703125
526653.125
110159.484375
476270.75
1034525.0
2797362.0
47702.421875
3596213.25
40493.13671875
52444.00390625
276008896.0
149734.6875
265480.5625
180847.234375
1320491.75
9129411.0
243021.078125
45273.3203125
5430420.5
93048.546875
17392.5859375
211670160.0
243901.5
106922.1328125
104396.0703125
832252.375
820454.3125
1736.5673828125
826428.875
1867.6968994140625
139990336.0
1163.387451171875
3504.7939453125
38565360.0
1995.1329345703125
3275.61865234375
10609.626953125
765351.5625
23251.337890625
18045.205078125
775762.875
42351.6640625
50086.15234375
954676.4375
2993.2294921875
49898.40234375
35640.63671875
145442.75
107636.3515625
3071709.25
10764.609375
169111.03125
84659.546875
15944.8720703125
254658.6875
189657.03125
16897.39453125
66196.5703125
1001159.5625
601084.125
59249.3359375
86672.59375
358956.875
5032137.0
1041195.125
122198.5078125
8200496.0
418183.8125
73805.0625
108611544.0
45772.06640625
4724983.0
24531.5625
18947148.0
3803360.5
766768064.0
1163632.75
8066217.5
3624906.0
448311.0
403968992.0
1220533.125
229366.0
13855552.0
163413856.0
169188112.0
4488999.5
11088723.0
26975132.0
12583182.0
9652498.0
47428.61328125
825866.25
3714323.75
40240.40234375
8598236.0
8931.68359375
5011127.5
12058.1630859375
1160512384.0
158228.640625
1404563072.0
59488.94921875
1766595840.0
70116.2265625
27064.072265625
245546368.0
37471.640625
45548.62890625
155040.40625
72004894720.0
1128860.25
3027284.0
104873.0546875
3960787.75
2214307.75
561315.4375
58347.37890625
714749.375
1285729.25
4591.40234375
2458478.25
18492.248046875
51824344.0
18241.513671875
144539920.0
30771.779296875
372491008.0
179106.46875
30916996.0
205202.25
36857.484375
44032608.0
72836.953125
195352.8125
2358521.5
4345404928.0
3143899.0
4687104.5
1632301.0
100370160.0
2432426.0
58697.32421875
80509.859375
825866.25
59802.09765625
8953.322265625
1279937.625
15376.36328125
5242169.5
21113.5546875
6779680.5
46567.12109375
187811456.0
55884.953125
4010584.0
108169.296875
12553.3955078125
2015000.375
26641.90234375
18326.453125
64377.3515625
144138256.0
229747.796875
90420.5703125
32784.0546875
175368.046875
9081443.0
1431108.625
546204.5
39516.78125
1998633.125
10707191.0
59507.84375
1870839.375
53357.80078125
49609.14453125
146968528.0
87762256.0
397140.46875
22546952.0
148243.203125
72050.1875
957091008.0
371556.6875
504112.1875
126672.328125
5568457728.0
2138965.5
1085675.375
348433.53125
2620863.0
9950528.0
9827607.0
9781453.0
144056.90625
61166.4140625
139920656.0
248479.234375
43039.22265625
3023994.25
143814.765625
5975.29833984375
11657042944.0
6456820.5
156057.0
11497462.0
498040.96875
27278.71484375
135963072.0
666890.9375
39405.609375
237460.3125
981849408.0
1938187.625
481934.0625
1431735.25
2791326.0
29999008.0
1831579.125
77983.1796875
31318.53515625
135277.140625
10215.9365234375
71382.9921875
3029476.25
232231.765625
1751813.375
30177.474609375
101172.90625
9423.0576171875
819630.8125
2583431.0
175346.8125
26162.509765625
420535.46875
110250.1875
79275.7109375
24925.263671875
21304.27734375
2590.60205078125
12172.09375
227266.546875
23005.462890625
140820.375
7675.060546875
21787.4609375
2798.3427734375
83617.0703125
232833.625
21946.70703125
9433.470703125
78505.8203125
9251255.0
1783292.375
58297.04296875
60149632.0
138572.890625
1077.6861572265625
44705.67578125
3396491008.0
914756.875
6612.2041015625
376475.03125
19257.45703125
1014059.8125
902.877685546875
482941.59375
82529336.0
3846.802978515625
6973.0126953125
119115.875
1918605.5
77983.1796875
825866.25
1077.6861572265625
73185.453125
98699160.0
25280.203125
6380.99609375
1831369.5
40706652.0
421404.625
1156.4456787109375
646663.1875
384942.25
6213.5625
1222894.75
42746704.0
86577.2578125
407535.09375
1906770.875
79535.4609375
12596.98046875
1077.6861572265625
61627.29296875
110020.6875
241.20135498046875
6388.236328125
350934.6875
870399.0625
2900.380126953125
477.98443603515625
13819.9697265625
1821.098876953125
1351.3558349609375
42214.03515625
29618.193359375
574.8286743164062
2218.356689453125
2928209.75
1848587.0
67221.84375
741074.4375
10870744.0
62712.9375
102492984.0
9655.48046875
57625.21484375
115106344.0
22499.947265625
1449613056.0
2106898.75
513281728.0
226800.390625
1422115.625
106393648.0
442248.71875
415680.84375
4979196.0
72004894720.0
1946746.0
8366.1318359375
29932132.0
692008.6875
61386304.0
616618624.0
72004894720.0
345262240.0
128061.3984375
8491971.0
78886552.0
157227.75
29447954432.0
785465216.0
48204.51953125
18672588.0
14266851328.0
72004894720.0
2599356.5
21824888.0
10166445056.0
779737.75
141366.8125
41494.72265625
739882.375
224820.90625
21969.806640625
117387592.0
2622.813232421875
5138.7109375
14996605.0
9638.8076171875
4715107.5
75771.7265625
70630408.0
50813.91015625
20929.7890625
8017953.5
74041.09375
59274.3203125
9598.0947265625
10340083712.0
56954.828125
1073.2589111328125
2259411.0
7290.72216796875
2674390.75
40522.03125
14350117888.0
743922.4375
5516.53466796875
2901357.5
80329.25
1591.8392333984375
1525741184.0
83712.9765625
1583.8818359375
12162.392578125
1165965952.0
1629165.75
18114.81640625
9257.0283203125
181798.8125
1918605.5
77243.296875
32513.41015625
142528.578125
698637.1875
10509.4482421875
264174.34375
60783.265625
188556.734375
3020567.5
240024.890625
345371.375
7967083.0
30889.75
901579.375
82320.453125
525721.75
8264.8505859375
224231.203125
99153.9765625
791517.75
494586.25
20475112.0
54992.76953125
4015333.5
691615.5
22812.5625
749614.75
179832.171875
76363.3203125
143450.140625
17685020.0
1486605.375
466244.375
184740.6875
1461244.0
126444.1953125
76776.9296875
24887.732421875
22564.67578125
589523.875
2747.217529296875
104615.921875
12266.5146484375
40321.1484375
250031.953125
27543.140625
153672.875
764792.625
7630.462890625
380907.34375
16588.52734375
91228.015625
2908.268310546875
25397.384765625
38892.578125
100444.0859375
210214.59375
2148400.25
25130.2734375
402540.625
708038.3125
9569.4931640625
94246.359375
73544.375
23218.69921875
85855.8359375
1886971.5
1199219.0
305634.03125
92048.109375
1337969.75
65390.5390625
77983.1796875
3567.631103515625
1063.0662841796875
40186.48046875
1363.219970703125
264174.34375
6290.82470703125
32785.48828125
8680.0625
15851.076171875
62218.4921875
547196.6875
742.5484619140625
38016.90625
905.9257202148438
4440.9365234375
924.828857421875
16109.1904296875
29606.78515625
6656.57568359375
7010.51171875
58954.66015625
9689.0595703125
213561.671875
511598.8125
613.7420043945312
4076.43310546875
3779.21240234375
11446.46875
4799.07177734375
47631.27734375
43561.109375
177483.484375
3051.824951171875
30472.525390625
359157.84375
68210.9453125
13624.5634765625
64237.14453125
478256.125
3485.302978515625
119852.1171875
42152.4453125
96574.8984375
723176.6875
46927.65625
218998.21875
1368236.625
4650.208984375
242161.8125
62020.91015625
245868.609375
3709.97314453125
3496.165283203125
68863.578125
58396.09375
354313.0
3593624.75
24876.365234375
154216.515625
631557.9375
5942.61572265625
8458.5537109375
157376.859375
2517.4814453125
31784.7890625
353673.59375
1322983.625
32365.98828125
6980.3193359375
82292.1171875
598302.9375
31911.84375
43257.3203125
121301.328125
6758583.5
64833.83984375
73640.671875
3822.22607421875
25864.77734375
171402.203125
152001.484375
391925.25
12790020.0
14143.2578125
21508.53515625
357387.3125
48136.1171875
880968.25
3871250.5
18631.85546875
66510.6953125
127797.3984375
1297439.375
147020.546875
1552107.625
6251490.5
12175.49609375
73404.0234375
106158.671875
393308.03125
54140.0625
261949.109375
460508.875
505720.46875
29697.50390625
106757.5703125
110750.2265625
24406.43359375
14896.4013671875
57394.3671875
4860547.0
13164.8671875
7269.869140625
2635.6640625
22605.146484375
25992.623046875
12787.5009765625
22637.29296875
1806677.5
8552.5439453125
16223.4228515625
233270.125
12327.255859375
185209.90625
235438.046875
3077.474365234375
8986.1826171875
7950.1845703125
166064.53125
8131.2626953125
111901.1953125
139146.703125
5805.5859375
27228.41796875
40244.77734375
39586.1875
5246.91455078125
27592.83203125
27004.103515625
30174.27734375
8277.3466796875
7840.26513671875
159641.140625
36874.640625
73405.0078125
124488.484375
8823670.0
13636.69140625
44355.82421875
7048.984375
24542.513671875
39206.93359375
79910.671875
113045.578125
3967970.75
16981.841796875
24706.365234375
445569.40625
47288.78125
3100522.5
4667883.0
9305.6982421875
26448.484375
28261.34765625
263224.25
55520.6953125
1096797.0
2249379.25
12940.92578125
131022.703125
119994.2734375
959315.4375
19350.908203125
92480.5
101011.6171875
460445.625
42195.40234375
39818.6328125
125111.671875
24462.12890625
29166.166015625
50777.91796875
4814088.0
17929.88671875
29137.251953125
4697.03125
21117.6640625
33659.93359375
46821.7109375
52791.50390625
1590015.375
10329.15625
13572.541015625
119809.25
16559.775390625
464662.8125
104872.25
6866.8818359375
17119.9375
15574.7734375
107145.375
28955.390625
300527.65625
137210.65625
3906.55078125
37451.0625
26985.591796875
22553.357421875
7767.28466796875
44974.69921875
27331.185546875
34246.99609375
4641.89501953125
7517.48095703125
10351156.0
628766.4375
32513.41015625
142528.578125
622448.75
57783.70703125
244558.3125
932588.0625
10509.4482421875
239677.90625
201796.328125
40704944.0
3633350.75
8516545.0
36970276.0
197697.984375
500650.65625
2425603.75
30889.75
745600.75
554899.125
50045.08984375
1192708.75
709547.0625
191995.53125
17784096.0
35640404.0
135573088.0
2197218.25
67914888.0
41052608.0
188204.25
4621004.0
2123419.25
649298.8125
549277.5625
12764991.0
254135536.0
122226168.0
57147104.0
2637879.25
144572192.0
6499468.0
474747.03125
14321.8642578125
71402.1953125
467444.21875
48083.94921875
171152.796875
1030565.5
3137.383544921875
180210.734375
98331.5
26184468.0
834002.75
4149437.0
28051088.0
86276.078125
264928.46875
1909833.75
6792.275390625
257233.796875
179314.296875
14136.515625
1085885.5
378125.15625
20167.41015625
6177745.5
15227568.0
110309720.0
280273.21875
19238220.0
11846852.0
38785.97265625
1792913.375
851422.5625
30883.119140625
121910.1875
2624912.75
103724272.0
51301820.0
2827724.75
352842.15625
28999988.0
11506282.0
733344.375
33913.265625
21566.58203125
401049.28125
57783.70703125
29892.06640625
530191.75
1455.3963623046875
129499.6875
10786.6650390625
43453176.0
3103667.25
983599.375
57133264.0
236879.015625
117727.2265625
1854083.0
6910.29833984375
467778.75
49444.8671875
9887.1640625
670502.3125
85545.578125
4469.1279296875
17141988.0
4642484.5
171666688.0
384588.53125
58383924.0
2623723.75
41939.3984375
2835109.75
390546.21875
31557.55859375
37063.3046875
2100557.0
192926864.0
12033688.0
2108263.5
217401.546875
8829832.0
10351156.0
152847.484375
32513.41015625
142528.578125
91783.90625
12657.6064453125
53695.63671875
33408.2734375
10509.4482421875
113214.1171875
32478.482421875
6031209.0
3633350.75
8516545.0
10923537.0
35588.53515625
107516.4296875
80127.328125
30889.75
363613.71875
75396.671875
9298.716796875
82079.3984375
27965.23828125
50348.6015625
2549420.75
5205567.5
5285622.5
2197218.25
53362040.0
10130000.0
32076.216796875
309550.71875
65149.58203125
178146.703125
34926.80859375
2137874.25
22252712.0
3967717.5
26139260.0
119850.625
18310656.0
6221337.0
23597.248046875
20458.38671875
90306.984375
462433.375
822.9523315429688
5247.2548828125
8414.546875
8079.2578125
264174.34375
145610.671875
174673.03125
1243122.0
5373612.5
27783308.0
2813.292724609375
17018.677734375
32338.68359375
13582.5
347147.28125
287297.0625
521.8372192382812
1280.52685546875
7658.85595703125
112025.15625
27615.234375
137482.046875
299700.5
769497.6875
28037932.0
18777660.0
2351.323486328125
6207.283203125
30980.26171875
137797.484375
891.3786010742188
17936.84765625
89952.3359375
247709.09375
11054957.0
5516.15087890625
54207.0234375
12585366.0
741291.4375
34080.828125
114472.421875
40225.97265625
52519.48046875
173825.84375
90022.1875
10568.1298828125
52843.2890625
34921.37890625
49169260.0
3461242.5
5372393.5
723716.1875
198685.5625
448126.71875
73051.6328125
30704.03515625
47876.4375
30491.681640625
47475.40625
81303.2109375
64130.765625
11488.806640625
16727976.0
18786544.0
1125944.375
1865578.25
1121349.25
424177.0625
167683.984375
105802.1875
85437.0546875
13830.2021484375
28071.537109375
8573164.0
2183342.25
986884.25
277824.9375
42572.734375
854163.3125
417208.28125
77983.1796875
628766.4375
65619.4921875
698637.1875
151347.234375
1031261.5
38448.21875
82218.2265625
779120.8125
1514138.875
333676.34375
1429835.875
299734.53125
2892784.25
65957.2265625
190589.921875
151531.078125
437111.78125
89978.6796875
2913988.5
600125.3125
3996918.75
1346554.0
6283091.0
1303530.125
282786.53125
1121579.25
178572.96875
406714.34375
2464927.25
17142708.0
2796233.75
4546556.0
1006497.625
14201371.0
389031.0625
49931.53125
487801.9375
46456.2265625
467722.0625
112532.71875
1031261.5
32372.810546875
79487.9140625
678206.75
1398823.875
166711.640625
1605580.625
178744.703125
1956362.5
45972.6015625
121848.828125
134904.296875
325125.875
72690.8828125
2168705.75
229115.875
3291537.0
623473.625
5757825.0
428134.28125
173749.109375
664165.5
96035.78125
299959.0
763504.1875
13684131.0
617037.9375
1634824.875
413464.03125
2371019.75
292381.28125
66176.25
152847.484375
72337.21875
544401.5
31360.470703125
119401.46875
28838.318359375
76363.46875
537789.1875
329567.5625
82475.421875
1657759.375
76248.0546875
293840.4375
50209.20703125
187629.15625
21586.83203125
72634.6171875
29438.5234375
803974.6875
154787.03125
3918150.25
72312.3203125
1407021.375
131453.0
49222.328125
187271.078125
57149.28515625
30603.583984375
169700.40625
4168681.75
298038.25
125795.5390625
70156.015625
362171.96875
33803.796875
76336.96875
628766.4375
8337.5810546875
91783.90625
19065.134765625
197721.5625
1710.64208984375
396.8994445800781
155779.546875
315394.3125
22494.841796875
26481.119140625
75157.8203125
577882.1875
8576.224609375
1638.3477783203125
21583.869140625
5437.3740234375
1191.088134765625
1073799.625
90256.875
118713.75
200951.140625
364320.09375
39819.62109375
86878.2421875
32453.091796875
3011.569091796875
15330.236328125
728500.5
1163224.375
98283.0390625
350045.875
48713.85546875
943879.875
193613.25
77983.1796875
628766.4375
32686.4609375
660917.8125
77823.4453125
996924.4375
11169.7021484375
60452.0703125
376975.46875
880720.375
130552.96875
819766.8125
186003.09375
3145758.5
21752.185546875
186000.25
49990.7109375
337820.625
27497.5234375
2034169.125
264777.90625
2279604.5
610489.3125
4292118.5
531587.125
121497.921875
1466528.25
101220.5859375
159312.78125
1365544.75
16231689.0
1910958.0
2653213.75
829994.25
12211843.0
280304.75
67759.09375
474747.03125
27610.65234375
407197.875
80649.03125
941467.9375
6040.00390625
66635.5078125
504294.9375
1215132.625
30891.666015625
1635129.0
144365.8125
1645420.375
11115.703125
120675.953125
39861.6875
368494.375
24283.515625
1779851.75
62530.078125
2586100.75
201664.171875
7672127.5
203810.671875
69679.921875
743685.4375
39524.3203125
158757.8125
343815.0
11975576.0
359896.09375
1220590.125
257843.890625
1983007.875
588077.9375
131883.078125
35555.69140625
338645.40625
1403065.75
87393.2109375
59263.18359375
1119752.75
150458352.0
56951.7890625
166330.5
1298235.125
139920656.0
55545.31640625
171910.1875
580903.5
127493.4296875
8028965.0
24914.541015625
4598890.0
97739.2109375
6664134.0
22428.390625
2283059.5
90679.203125
53067.51953125
462433.375
188556.734375
44126.0390625
382824.0625
59064.625
83357.34375
12570899.0
61920.0234375
60611.859375
957496.625
7126930.5
77805.78125
101390.625
6568917.0
48768568.0
84871.671875
32385.59765625
298833.71875
13922284.0
217625.578125
51741.28125
3303770.75
34683428.0
112157.7265625
52449.25
478029.9375
223327.1875
46965.625
169396.578125
32984.859375
69187976.0
25280.203125
246262.15625
65349.078125
98699160.0
24602.53125
242914.46875
628766.4375
142528.578125
701146.1875
244558.3125
1030992.125
188688.78125
500650.65625
2901883.25
528833.375
695752.125
1925433.5
526106.9375
107612.8515625
354781.3125
243358.5
636340.1875
169543.65625
395292.34375
1338798.25
328698.09375
498026.28125
1008731.6875
26120.625
133225.703125
8588762.0
2022.633544921875
310907.25
25258.029296875
72483.0
531534.875
2918747.0
6990.27294921875
281061.78125
2126824.0
109291.46875
6647586.0
46908.6875
65607016.0
25157.1796875
1607173.875
246995472.0
2923903.75
212614.671875
17548800.0
7237810.5
42703.875
4327003.5
47678.0859375
94696904.0
18515.6484375
287647.15625
142670000.0
49845.984375
59598.26171875
344678.09375
69896.234375
698637.1875
58285.76171875
82240.4921875
89405.2265625
203882.234375
124342.0625
217987.640625
57252.76953125
469968.40625
41839.64453125
110630.40625
77067.6484375
191412.890625
108397.5234375
211145.640625
359753.6875
77734.953125
39981.15625
89283.21875
274262.5625
1486996.875
100801.25
1086631.375
379667.375
61920.0234375
825866.25
43789.44921875
31018236.0
22276.416015625
270489.09375
12093605.0
159227.265625
149590.53125
2563791.25
141906848.0
32683.4375
6633900.0
92843.609375
8365832704.0
14698.302734375
418244.875
16085199872.0
46817.6015625
282602.40625
1384954.0
95302088.0
60824.4921875
4856673.5
168889.265625
4397540864.0
25495.064453125
2383695.75
9034792960.0
283198.375
777395.1875
49549320.0
3863984.25
36834.78515625
6744997.5
44914.00390625
139990336.0
11493.79296875
246614.671875
1094663680.0
37759.0234375
110710.7265625
802864.5
2170149.75
82264.96875
873062.75
11691.478515625
1410930.125
11351.9248046875
966026.6875
355169792.0
256850.40625
226761.453125
79829376.0
2452967.75
77993.3671875
825866.25
11790.0517578125
1217243.5
25277.81640625
1048145.1875
265705136.0
420964.8125
423870.5625
83018600.0
474747.03125
22251.5078125
90679.203125
406434.34375
56094.4296875
244558.3125
940200.0625
13233.009765625
57228.75390625
203202.828125
99994.9609375
326859.125
1643560.375
21782.640625
103065.5234375
332357.09375
52895.4765625
294618.53125
710610.25
48033.53125
90805.7265625
534340.5
1370043.625
88919.1015625
214281.21875
457148.75
474747.03125
20953.556640625
90679.203125
462433.375
59567.86328125
244558.3125
1031261.5
9379.6845703125
57522.64453125
188556.734375
108398.0390625
326859.125
1891472.25
19463.369140625
118112.0625
382824.0625
51778.69921875
330854.0
696215.4375
43413.54296875
95637.7421875
637680.875
1466185.625
98809.6171875
223748.640625
483786.59375
646345.625
30229.353515625
142528.578125
624719.3125
51921.4609375
231860.640625
968521.875
8149.46923828125
58363.796875
203268.140625
153596.375
500667.3125
2462711.75
29860.09375
183822.40625
551130.875
42233.20703125
339710.25
716693.3125
47366.41015625
131957.796875
1100241.625
2145603.5
175486.671875
264079.125
992755.6875
628766.4375
30162.3984375
142528.578125
622448.75
52429.69921875
244558.3125
932588.0625
11116.7001953125
56612.359375
201796.328125
137050.046875
500650.65625
2425603.75
30247.666015625
171108.875
554899.125
45624.27734375
313968.78125
709547.0625
48070.74609375
131783.125
883886.6875
2123419.25
152650.84375
242601.453125
825213.625
10581964.0
9725736.0
45295.69140625
152289424.0
32050.314453125
83912.0859375
14277576704.0
140624.578125
227201.109375
315372.625
616666.1875
10309759.0
919813.1875
39229.2265625
3239823.25
38723.87890625
44957.1640625
116735168.0
138435.265625
156085.28125
261477.84375
1516601.375
11746972.0
12542160.0
39275.046875
186458336.0
28507.767578125
92944.25
7814651904.0
89892.828125
288576.40625
198708.890625
1185281.625
1099037.625
9214151.0
67802.015625
12802272.0
1290.9776611328125
158900.515625
1457028096.0
7278.84033203125
734654.8125
25576.916015625
462266.3125
221235.109375
665734.375
60951.42578125
162868.21875
183400.390625
527043.0
71926.3984375
287058.25
207290.71875
927606.5625
41345.32421875
109323.0625
199170.859375
566775.1875
91691.875
557013.5625
2609375.75
1117339.875
67301.90625
2345435.5
41117.765625
61509.62109375
251765200.0
196479.4375
294936.75
113712.734375
959633.9375
9120813.0
2076090.625
77196.96875
35656720.0
259357.15625
63134.56640625
3342066944.0
9785336.0
1723134.875
15892470.0
3066660096.0
610057.4375
276628.03125
67268.2109375
109689.6171875
40982.23046875
3921.605224609375
11745045.0
172113.109375
27495.29296875
10632.10546875
213902.0625
9166542.0
2050221.25
77983.1796875
39738512.0
263694.0625
34233.7421875
3628201472.0
10146785.0
1684496.625
16504700.0
3425115392.0
9725736.0
142075.296875
77720.421875
4507067.5
275674.15625
7735.44970703125
43309780.0
9942901.0
82475.2578125
780268.9375
27043748.0
9725180.0
45303.8125
830608.6875
84092.734375
4480999936.0
14579.8642578125
227725.875
1387328512.0
85400.0
243636.03125
2943452.0
630388.1875
85802.21875
827759.5
63142.9375
120507160.0
21216.318359375
202184.109375
24687900.0
113355.8515625
138526.78125
644285.1875
9725736.0
77983.1796875
825866.25
276173.875
4397540864.0
25280.203125
9946486.0
1380328832.0
421404.625
6646552.0
491705056.0
474747.03125
20790.2890625
22711.466796875
323310.3125
52361.94140625
71066.328125
638227.875
4137.7841796875
35324.23828125
65447.3125
91890.5859375
129767.34375
1124062.5
8481.181640625
64616.25390625
102237.5078125
19382.234375
190407.328125
349798.9375
20217.482421875
43249.48046875
354004.96875
654550.5
38485.6015625
100859.90625
216034.765625
765351.5625
23251.337890625
18045.205078125
775762.875
42351.6640625
50086.15234375
954676.4375
2993.2294921875
49898.40234375
35640.63671875
145442.75
107636.3515625
3071709.25
10764.609375
169111.03125
84659.546875
15944.8720703125
254658.6875
189657.03125
16897.39453125
66196.5703125
1001159.5625
601084.125
59249.3359375
86672.59375
358956.875
644004.5
36414.66015625
55082.16015625
544596.25
75070.0703125
107451.84375
638227.875
4750.73779296875
39878.1484375
57581.87109375
203812.046875
316476.84375
2096118.375
17123.251953125
134718.78125
152832.90625
25715.650390625
268722.96875
330355.5
12888.44140625
109050.2421875
849386.875
978453.6875
48303.0
79746.078125
317992.5625
743979.1875
26485.060546875
130405.7578125
44490.375
37575.4921875
208669.625
8698.453125
117457.1796875
509889.15625
120905.765625
23632.359375
5466.1416015625
35176.453125
38360.09375
119541.6171875
18249.60546875
152719.421875
5820.15087890625
27583.54296875
15513163.0
20198.59375
835.4095458984375
28547.92578125
8609847.0
116485.5546875
9632617.0
23004.255859375
97333.1875
404.04541015625
108614648.0
15110.0625
106326104.0
1011.4060668945312
66391.0390625
567.0816650390625
334598.5625
3963651072.0
17725.71875
1040.74267578125
80199.109375
71610744.0
18861.88671875
1168.19775390625
89283.3828125
30744.501953125
1975404.875
811346.6875
59600.42578125
185490.953125
248980.0
50893.3046875
31354.87890625
45746.0546875
71247.2421875
135.59988403320312
25480860.0
326053.6875
40021320.0
261632.03125
2324027.25
7141.55615234375
129414.875
4737369.0
1008.5347900390625
1291.20068359375
2312971.75
53361120.0
73656.5546875
94719.78125
11277.1953125
471729.96875
10113937.0
12598695.0
26512.58203125
22332.57421875
139920656.0
29482.9453125
403606.9375
78411.0234375
9262890.0
249.5138702392578
5556256768.0
99443.3828125
47305824.0
163209.671875
55668588.0
1146.4908447265625
293042.84375
1309094272.0
2996.51513671875
5404.16357421875
940087.125
32421926912.0
55270.06640625
37448.66796875
74723.4296875
1644370.875
6499468.0
9884285.0
52975.48828125
66553.5234375
92884432.0
123046.109375
57353.4921875
2166134.25
146840.90625
3251.658203125
9777700864.0
17305160.0
272137.0625
162391936.0
536705.5625
14747.2099609375
212518880.0
816134.875
20442.685546875
26339.212890625
20836249600.0
5601571.5
128567.90625
116300.5234375
480558.125
6394377.5
6499468.0
9725736.0
40009.3828125
77983.1796875
94458608.0
19379.869140625
87393.2109375
608228.6875
276173.875
2091.06396484375
9875443712.0
1353774.875
5912130.0
7235153.5
9946486.0
25120.091796875
12437579.0
74583792.0
21354.13671875
53829.81640625
1134221824.0
16970733568.0
886207.8125
1692307.625
7810430.5
679569088.0
11647912.0
9725736.0
141473.5
45464.78125
164938208.0
333289.9375
30596.783203125
3819477.25
84286.3984375
8379.283203125
21240201216.0
34837776.0
136433.75
48097452.0
228949.65625
39455.4765625
675765120.0
424218.3125
23044.484375
32936.765625
15413203968.0
1223473.375
444884.09375
90327.921875
302741.5
4567633.5
199017.0625
77983.1796875
22743.9140625
44999.15625
2352.099853515625
33382.125
529824.3125
38743.5703125
462702.9375
6219.83056640625
69146.5
4535.7998046875
88407.03125
749010.9375
72516.1875
10387.50390625
125590.6796875
1871589.0
77872.296875
826885.25
1061.7037353515625
60158.75
85232288.0
25280.203125
7341.7822265625
1377347.25
49607764.0
418661.90625
1166.524169921875
711789.0625
461965.28125
7356.16455078125
1389418.75
29262356.0
95425.9140625
450066.46875
443467.59375
77445.84375
16161.7880859375
76397.125
698637.1875
6202.02783203125
73228.1875
65046.765625
91007.9921875
1177849.0
115137.8984375
803807.5625
2128869.75
16792.294921875
264426.15625
95331.765625
218249.296875
7632.77783203125
34424.37890625
135403.375
268856.28125
1416699.75
6252366.5
121325.171875
630369.5625
2413266.25
18508.833984375
99181.96875
231565.65625
33072.2109375
261877.890625
2147193.75
5458682.5
467050.75
88069.2421875
1480637.5
6246407.5
78717.015625
474747.03125
12680.431640625
26541.599609375
87393.2109375
397277.625
48292.55078125
81765.640625
910787.375
3989.134521484375
161696.96875
102274.4765625
28431972.0
707407.875
1520787.125
4559826.0
21916452.0
78754.25
108038.0546875
358481.34375
1650416.375
5073.234375
8447.677734375
240317.859375
17587.283203125
155953.453125
201648.1875
20160.96875
704733.3125
490358.375
69717.3515625
6646819.0
6119944.0
23914508.0
86851704.0
230500.34375
320228.46875
22416508.0
756442.0625
6536484.5
25699816.0
31652.232421875
42642.21875
1465067.375
68512.40625
825969.5
1099140.5
3173.354248046875
77998.3515625
106404.46875
84020.3515625
280922.4375
1965631.125
2569151.5
97269296.0
3230216.25
25771436.0
77020936.0
111877.8359375
4607595.5
11718864.0
4387412.5
20145.439453125
487742.40625
718898.9375
522350.34375
42969.09375
916255.875
23563652.0
58483348.0
17783824.0
2323606.25
229937.1875
10886680.0
10351156.0
77983.1796875
628766.4375
25080.759765625
107061.1015625
122198.5078125
698637.1875
48083.94921875
202565.265625
1031261.5
4949.98291015625
177398.03125
100690.5625
40704944.0
1963188.25
6950272.0
10021611.0
49070696.0
146417.203125
413783.90625
495578.6875
2892784.25
15371.390625
14191.1435546875
686490.5
97245.4296875
230609.640625
351237.6875
18670.5625
1060375.0
368859.375
48915.6640625
13210498.0
22193668.0
39606848.0
197301312.0
849271.0625
804273.8125
61088228.0
4802124.5
20190072.0
34150728.0
73667.015625
74932.0234375
4870207.5
336361.75
963150.0625
2103943.25
10623.8447265625
123115.71875
221892.078125
146970.65625
178518.828125
6112128.5
6689202.5
307441856.0
14876382.0
61122844.0
140843072.0
422458.46875
14162582.0
20229968.0
11534034.0
53431.7421875
875293.6875
1975582.25
766601.4375
52321.25390625
2809194.5
90722736.0
169021696.0
34805164.0
3660032.25
432203.90625
39982484.0
7162143.0
77983.1796875
524220.25
17128.96875
71910.828125
101443.34375
479216.25
51193.41796875
166182.25
941063.0
15643.7587890625
224891.671875
128353.75
32822204.0
1414023.0
1967851.875
6572865.0
29518260.0
129073.4375
314882.46875
388776.28125
1979620.0
20986.255859375
11429.2421875
386005.0625
46108.4140625
225757.4375
238962.84375
66751.2109375
1010871.5625
607528.9375
158412.703125
9729298.0
10834457.0
27475760.0
105811016.0
984460.0
746117.875
30022072.0
1398062.375
7161657.5
32118376.0
112601.9609375
73607.609375
2418198.75
207886.796875
1138143.75
1362721.75
12656.9423828125
196118.703125
183462.140625
134972.765625
449140.28125
4487330.0
5023386.5
129243888.0
5999982.5
30525168.0
94784008.0
706103.0625
11626270.0
18912524.0
5839224.0
64936.50390625
961181.9375
1315996.0
727869.25
106014.390625
2501889.75
34562776.0
90936168.0
23869076.0
8604126.0
532197.375
24729512.0
11662940.0
90664.59375
732268.0625
26602.015625
43352.1015625
129371.8046875
587965.75
48083.94921875
105790.1796875
635888.8125
2264.820556640625
126173.1640625
53460.28515625
47192004.0
2069746.75
5704007.5
12204090.0
69941344.0
151775.078125
248620.265625
529149.1875
2414641.0
12067.6552734375
13988.8212890625
486734.0625
38860.32421875
175747.265625
218079.953125
16585.6640625
770308.9375
331476.5
21444.955078125
15754664.0
25180300.0
50410600.0
255180832.0
1178995.375
1156529.0
65177340.0
4133062.75
33853376.0
45017352.0
73146.796875
76854.796875
4210871.5
201006.734375
996142.3125
1327415.75
7116.2412109375
154327.15625
181895.953125
97199.984375
206278.453125
7426095.5
9726015.0
362712736.0
21272076.0
114576920.0
158062336.0
577410.125
21826052.0
23552012.0
17740628.0
42928.8671875
1163166.75
1783734.625
692703.375
61823.66796875
4531863.5
105386440.0
178774624.0
71758696.0
6947337.0
435534.71875
43856672.0
502173.15625
67855.25
628766.4375
105704.1640625
698637.1875
196596.96875
1031261.5
46175.5234375
127236.2734375
909495.875
1520340.5
173593.09375
2153471.0
470560.40625
2892784.25
68974.3984375
332798.59375
176161.40625
697090.4375
116036.2890625
3758053.25
321315.375
5182890.5
761312.0625
8028880.0
539831.75
279869.375
1704515.625
192372.0
512485.125
1327156.375
21137636.0
1154245.875
2775770.0
937194.75
6553869.0
158926.734375
31261.361328125
102088.734375
624446.5625
10412.380859375
43087.48046875
168316.375
12128.63671875
59963.9453125
58744.47265625
165171.03125
32774.67578125
94668.84375
468399.15625
32352.8125
195754.15625
88897.734375
300992.875
10730.6279296875
65360.86328125
37003.61328125
127004.6015625
11303.0380859375
58255.35546875
147661.03125
34635.703125
207786.90625
70488.8671875
275973.25
29488.990234375
159419.78125
282584.375
9559.521484375
55504.0703125
109990.3671875
56439.2578125
30700.609375
166071.03125
224756.796875
142774.6875
47192.68359375
141203.375
768502.375
27712.138671875
98700.6484375
771512.4375
59367.9453125
183795.9375
950058.9375
5061.58056640625
54127.16015625
60708.47265625
147937.71875
177613.1875
410844.6875
3004980.25
18005.1484375
195231.9375
92315.4609375
285143.125
33007.51953125
328659.5625
234325.890625
578849.125
6508.26611328125
31316.03125
151258.484375
117617.25
1223439.625
397922.9375
1445668.375
19108.095703125
109956.171875
297880.25
41097.6953125
160389.8125
723658.9375
33237.5859375
118067.5703125
557081.5625
1455282.125
106098.34375
164298.3125
549848.875
